0.002
0.004008008
0.0060240400000000005
0.008048112
0.01008024
0.012120440000000001
0.014168728000000002
0.016225120000000003
0.018289632000000004
0.020362280000000003
0.022443080000000004
0.024532048000000004
0.026629200000000006
0.028734552000000007
0.030848120000000007
0.03296992000000001
0.03509996800000001
0.03723828000000001
0.039384872000000015
0.041539760000000016
0.04370296000000001
0.04587448800000001
0.04805436000000001
0.05024259200000001
0.05243920000000001
0.05464420000000001
0.05685760800000001
0.05907944000000001
0.06130971200000001
0.06354844000000001
0.06579564000000002
0.06805132800000002
0.07031552000000002
0.07258823200000002
0.07486948000000002
0.07715928000000001
0.079457648
0.0817646
0.084080152
0.08640432
0.08873712
0.091078568
0.09342868
0.095787472
0.09815496
0.10053116
0.10291608799999999
0.10530975999999999
0.10771219199999998
0.11012339999999998
0.11254339999999999
0.11497220799999999
0.11740983999999999
0.11985631199999999
0.12231164
0.12477584
0.127248928
0.12973092
0.132221832
0.13472168
0.13723048000000002
0.13974824800000002
0.142275
0.14481075200000001
0.14735552000000002
0.14990932
0.15247216800000002
0.15504408000000003
0.15762507200000003
0.16021516000000002
0.16281436000000002
0.165422688
0.16804016000000002
0.170666792
0.1733026
0.1759476
0.178601808
0.18126524
0.18393791199999998
0.18661983999999998
0.18931103999999999
0.192011528
0.19472131999999998
0.19744043199999997
0.20016887999999997
0.20290667999999998
0.20565384799999997
0.20841039999999997
0.21117635199999996
0.21395171999999996
0.21673651999999996
0.21953076799999996
0.22233447999999997
0.22514767199999997
0.22797035999999996
0.23080255999999996
0.23364428799999995
0.23649555999999994
0.23935639199999995
0.24222679999999994
0.24510679999999993
0.24799640799999992
0.2508956399999999
0.2538045119999999
0.2567230399999999
0.2596512399999999
0.2625891279999999
0.2655367199999999
0.2684940319999999
0.2714610799999999
0.2744378799999999
0.27742444799999993
0.2804207999999999
0.2834269519999999
0.2864429199999999
0.2894687199999999
0.2925043679999999
0.29554987999999993
0.2986052719999999
0.3016705599999999
0.3047457599999999
0.3078308879999999
0.3109259599999999
0.3140309919999999
0.3171459999999999
0.32027099999999986
0.32340600799999986
0.32655103999999985
0.32970611199999983
0.33287123999999985
0.33604643999999984
0.33923172799999984
0.34242711999999986
0.3456326319999999
0.3488482799999999
0.3520740799999999
0.3553100479999999
0.3585561999999999
0.3618125519999999
0.3650791199999999
0.36835591999999995
0.37164296799999996
0.37494027999999996
0.378247872
0.38156576
0.38489396
0.388232488
0.39158136
0.394940592
0.3983102
0.4016902
0.405080608
0.40848144000000003
0.41189271200000005
0.41531444000000006
0.41874664000000006
0.4221893280000001
0.4256425200000001
0.4291062320000001
0.4325804800000001
0.4360652800000001
0.4395606480000001
0.4430666000000001
0.4465831520000001
0.4501103200000001
0.4536481200000001
0.4571965680000001
0.46075568000000006
0.4643254720000001
0.46790596000000007
0.4714971600000001
0.47509908800000006
0.47871176000000004
0.482335192
0.48596940000000005
0.48961440000000006
0.49327020800000004
0.49693684000000005
0.5006143120000001
0.50430264
0.50800184
0.5117119280000001
0.5154329200000001
0.5191648320000001
0.5229076800000001
0.5266614800000001
0.5304262480000002
0.5342020000000002
0.5379887520000002
0.5417865200000002
0.5455953200000002
0.5494151680000002
0.5532460800000002
0.5570880720000002
0.5609411600000002
0.5648053600000001
0.5686806880000002
0.5725671600000002
0.5764647920000002
0.5803736000000003
0.5842936000000003
0.5882248080000003
0.5921672400000003
0.5961209120000003
0.6000858400000003
0.6040620400000003
0.6080495280000003
0.6120483200000003
0.6160584320000003
0.6200798800000004
0.6241126800000003
0.6281568480000003
0.6322124000000002
0.6362793520000002
0.6403577200000002
0.6444475200000003
0.6485487680000003
0.6526614800000002
0.6567856720000003
0.6609213600000002
0.6650685600000003
0.6692272880000003
0.6733975600000003
0.6775793920000003
0.6817728000000003
0.6859778000000003
0.6901944080000003
0.6944226400000003
0.6986625120000003
0.7029140400000002
0.7071772400000003
0.7114521280000002
0.7157387200000003
0.7200370320000002
0.7243470800000003
0.7286688800000003
0.7330024480000003
0.7373478000000002
0.7417049520000002
0.7460739200000002
0.7504547200000001
0.7548473680000002
0.7592518800000002
0.7636682720000002
0.7680965600000003
0.7725367600000003
0.7769888880000003
0.7814529600000003
0.7859289920000003
0.7904170000000004
0.7949170000000003
0.7994290080000003
0.8039530400000002
0.8084891120000003
0.8130372400000003
0.8175974400000003
0.8221697280000003
0.8267541200000004
0.8313506320000004
0.8359592800000004
0.8405800800000004
0.8452130480000004
0.8498582000000005
0.8545155520000005
0.8591851200000005
0.8638669200000004
0.8685609680000004
0.8732672800000004
0.8779858720000004
0.8827167600000004
0.8874599600000004
0.8922154880000004
0.8969833600000003
0.9017635920000003
0.9065562000000004
0.9113612000000004
0.9161786080000004
0.9210084400000004
0.9258507120000004
0.9307054400000003
0.9355726400000003
0.9404523280000003
0.9453445200000004
0.9502492320000003
0.9551664800000004
0.9600962800000004
0.9650386480000004
0.9699936000000003
0.9749611520000003
0.9799413200000003
0.9849341200000004
0.9899395680000004
0.9949576800000004
0.9999884720000004
1.0050319600000004
1.0100881600000005
1.0151570880000005
1.0202387600000005
1.0253331920000004
1.0304404000000005
1.0355604000000005
1.0406932080000004
1.0458388400000005
1.0509973120000005
1.0561686400000005
1.0613528400000005
1.0665499280000006
1.0717599200000005
1.0769828320000006
1.0822186800000007
1.0874674800000006
1.0927292480000006
1.0980040000000006
1.1032917520000007
1.1085925200000006
1.1139063200000006
1.1192331680000005
1.1245730800000004
1.1299260720000004
1.1352921600000003
1.1406713600000002
1.1460636880000004
1.1514691600000004
1.1568877920000005
1.1623196000000005
1.1677646000000004
1.1732228080000004
1.1786942400000004
1.1841789120000004
1.1896768400000004
1.1951880400000003
1.2007125280000004
1.2062503200000003
1.2118014320000003
1.2173658800000005
1.2229436800000004
1.2285348480000005
1.2341394000000006
1.2397573520000005
1.2453887200000004
1.2510335200000005
1.2566917680000005
1.2623634800000005
1.2680486720000006
1.2737473600000007
1.2794595600000007
1.2851852880000008
1.2909245600000008
1.2966773920000008
1.3024438000000007
1.3082238000000006
1.3140174080000007
1.3198246400000007
1.3256455120000006
1.3314800400000006
1.3373282400000006
1.3431901280000007
1.3490657200000007
1.3549550320000008
1.3608580800000007
1.3667748800000008
1.3727054480000007
1.3786498000000007
1.3846079520000008
1.3905799200000009
1.3965657200000008
1.4025653680000008
1.4085788800000008
1.4146062720000008
1.4206475600000008
1.4267027600000008
1.4327718880000009
1.438854960000001
1.444951992000001
1.4510630000000009
1.4571880000000008
1.463327008000001
1.469480040000001
1.475647112000001
1.481828240000001
1.488023440000001
1.494232728000001
1.500456120000001
1.506693632000001
1.5129452800000012
1.5192110800000012
1.5254910480000012
1.5317852000000012
1.5380935520000012
1.5444161200000013
1.5507529200000012
1.5571039680000012
1.5634692800000012
1.5698488720000012
1.5762427600000013
1.5826509600000014
1.5890734880000015
1.5955103600000016
1.6019615920000017
1.6084272000000017
1.6149072000000018
1.6214016080000018
1.6279104400000017
1.6344337120000016
1.6409714400000017
1.6475236400000017
1.6540903280000017
1.6606715200000017
1.6672672320000017
1.6738774800000018
1.6805022800000018
1.6871416480000019
1.6937956000000018
1.700464152000002
1.7071473200000018
1.7138451200000018
1.7205575680000018
1.727284680000002
1.7340264720000018
1.7407829600000018
1.7475541600000017
1.7543400880000017
1.7611407600000017
1.7679561920000018
1.7747864000000018
1.7816314000000018
1.7884912080000017
1.7953658400000017
1.8022553120000016
1.8091596400000016
1.8160788400000016
1.8230129280000016
1.8299619200000017
1.8369258320000017
1.8439046800000016
1.8508984800000017
1.8579072480000016
1.8649310000000017
1.8719697520000016
1.8790235200000016
1.8860923200000017
1.8931761680000017
1.9002750800000017
1.9073890720000017
1.9145181600000019
1.9216623600000018
1.9288216880000018
1.9359961600000017
1.9431857920000017
1.9503906000000018
1.9576106000000018
1.9648458080000017
1.9720962400000017
1.9793619120000017
1.9866428400000016
1.9939390400000017
2.0012505280000017
2.008577320000002
2.015919432000002
2.023276880000002
2.030649680000002
2.038037848000002
2.045441400000002
2.052860352000002
2.060294720000002
2.067744520000002
2.075209768000002
2.082690480000002
2.090186672000002
2.097698360000002
2.1052255600000023
2.1127682880000025
2.1203265600000023
2.127900392000002
2.135489800000002
2.143094800000002
2.1507154080000017
2.1583516400000016
2.1660035120000014
2.173671040000001
2.1813542400000014
2.1890531280000016
2.1967677200000018
2.204498032000002
2.212244080000002
2.2200058800000018
2.2277834480000016
2.235576800000002
2.243385952000002
2.251210920000002
2.2590517200000018
2.266908368000002
2.274780880000002
2.282669272000002
2.290573560000002
2.298493760000002
2.306429888000002
2.314381960000002
2.322349992000002
2.3303340000000023
